823 112 457 639 284 901 753 66 520 399
712 458 230 19 887 543 210 678 305 92
119 744 820 38 557 963 204 719 415 380
601 284 953 77 106 329 810 425 278 94
550 731 487 218 905 664 37 850 260 413
681 592 103 745 999 201 346 508 470 633
732 441 59 825 288 903 171 654 227 390
810 216 59 304 794 620 183 471 266 359
947 110 327 553 209 735 411 864 268 390
122 445 899 300 762 518 670 287 577 430
231 599 102 488 764 300 944 662 580 314
736 489 247 516 105 928 273 644 862 501
113 859 702 510 399 620 245 835 96 566
312 554 789 466 277 105 980 376 144 630
788 510 921 342 201 87 466 594 258 769
203 860 902 355 721 178 490 650 42 831
554 912 337 740 590 280 722 167 604 389
722 340 651 84 900 317 684 255 431 590
120 685 774 267 538 166 980 633 77 414
705 192 887 490 225 540 661 338 771 906
300 534 862 111 305 679 203 560 789 435
159 604 700 91 854 301 662 240 488 726
796 320 540 273 167 655 439 812 905 323
712 199 844 377 590 266 705 425 90 368
420 872 255 611 789 333 207 500 321 647
344 788 932 118 490 274 620 507 310 389
204 967 751 133 526 777 355 469 208 335
491 837 600 210 743 322 580 291 611 456
88 720 953 114 357 268 644 220 507 701
588 472 399 366 805 144 925 304 781 513
615 328 719 203 547 201 893 665 754 487
307 995 411 200 674 520 199 522 421 765
531 230 650 712 180 945 384 270 732 428
454 623 755 89 543 664 310 520 204 778
903 244 699 551 632 318 823 412 507 165
700 135 912 420 286 350 689 577 231 630
524 806 163 440 510 369 833 751 402 108
267 730 851 299 458 611 276 902 509 315
993 217 563 740 631 322 444 588 203 817
322 624 731 251 94 807 510 372 458 644
204 755 601 356 610 274 922 311 444 77
150 740 672 210 583 417 910 634 263 572
348 899 523 109 752 367 506 610 142 697
786 477 310 203 590 266 489 722 401 551
654 234 712 591 200 745 324 911 557 490
265 777 538 115 690 450 385 619 311 208
201 864 701 344 223 582 906 522 740 381
588 490 201 139 674 712 367 510 455 820
350 914 610 280 792 314 557 703 249 421
